$ 1 1 0.8031194996067259 46 5 69 5e-11
v 320 112 320 192 0 0 40 7.4 0 0 0.5
r 320 272 320 416 0 0.1
g -112 416 -112 448 0 0
w -112 192 -112 416 0
w 368 112 432 112 0
r 432 112 432 416 0 55
w 320 416 368 416 0
w 432 112 592 112 0
r 592 112 592 320 0 20
f 528 336 592 336 32 1.5 0.02
R 528 336 528 288 1 2 0.125 2.5 2.5 0 0.6
w 432 416 592 416 0
w 592 352 592 416 0
w 784 352 784 416 0
w 592 416 784 416 0
R 720 336 720 288 1 2 0.01111 2.5 2.5 -2.792526803190927 0.11109999999999999
f 720 336 784 336 32 1.5 0.02
r 784 112 784 320 0 15
w 592 112 784 112 0
R 48 192 48 144 1 2 0.01111 7.4 7.4 0 0.6667000000000001
w 48 336 160 336 0
i -112 192 48 192 0 0.811
r 48 208 48 272 0 1
w 160 112 160 336 0
162 160 112 320 112 2 default-led 1 0 1 1
d 48 272 48 336 2 default
x 214 81 264 84 4 14 Payload
x 380 75 496 78 4 13 On\sBoard\sComputer
x -100 101 24 104 4 18 Simulated\sOrbit
x 214 200 306 203 4 12 Satellite's\sBattery
g 320 416 320 448 0 0
x 572 91 613 94 4 16 TT\aC
x 764 91 808 94 4 16 ADCS
w 48 192 48 208 0
v 320 272 320 192 0 0 40 7.6 0 0 0.5
p 368 112 368 416 2 0 1 0
w 320 112 368 112 0
w 368 416 432 416 0
o 35 1 0 4098 5 0.1 0 1
