$ 1 1 0.625470095193633 59 5 69 5e-11
w 320 112 432 112 0
r 432 112 432 416 0 55
w 320 416 432 416 0
w 432 112 592 112 0
r 592 112 592 320 0 20
f 528 336 592 336 32 1.5 0.02
R 528 336 528 288 1 2 0.125 2.5 2.5 -2.0943951023931953 0.1
w 432 416 592 416 0
w 592 352 592 416 0
w 784 352 784 416 0
w 592 416 784 416 0
R 720 336 720 288 1 2 0.01111 2.5 2.5 -2.792526803190927 0.11109999999999999
f 720 336 784 336 32 1.5 0.02
r 784 112 784 320 0 15
w 592 112 784 112 0
w -16 144 64 144 0
w 160 112 160 144 0
162 160 112 320 112 2 default-led 1 0 1 0.01
x 214 81 264 84 4 14 Payload
x 380 75 496 78 4 13 On\sBoard\sComputer
x -100 101 24 104 4 18 Simulated\sOrbit
x 214 200 306 203 4 12 Satellite's\sBattery
g 320 416 320 448 0 0
x 572 91 613 94 4 16 TT\aC
x 764 91 808 94 4 16 ADCS
213 -16 192 48 192 1024 2 pwl(t\s-\s90*floor(t/90),\s0,\s0.811,\s60,\s0.811,\s60.000000001,\s0)
v -112 224 -16 224 0 0 40 100 0 0 0.5
w -16 144 -16 192 0
g -112 224 -112 272 0 0
370 64 144 160 144 3 0 0
v 320 272 320 192 0 0 40 7.6 0 0 0.5
r 320 272 320 416 0 0.1
v 320 112 320 192 0 0 40 7.4 0 0 0.5
